15.247100591659546 nb
58.880775451660156 rf
20.014177083969116 svm
76.80302166938782 dt

Accuracy of Train Data
naive bayes        0.8442543018025103
MLP                       0.9323665418855579
Random Forest  0.9285916512001007
SVM                       0.938311994715153
Decision tree       0.859385321966718


Accuracy of Test Data
naive bayes        0.844906048150323
MLP                       0.9349677040516735
Random Forest  0.9310041103934233
SVM                       0.9393716970052848
Decision tree       0.8588520258367587

Accuracy of Test Data 2
naive bayes        0.842
MLP                       0.9110769230769231
Random Forest  0.9190769230769231
SVM                       0.9301538461538461
Decision tree       0.8315384615384616
=========================================================
              precision    recall  f1-score   support

         0.0       0.76      0.74      0.75      1006
         1.0       0.93      0.85      0.89      1080
         2.0       0.68      0.69      0.68      1022
         3.0       0.81      0.88      0.84      1078
         4.0       0.91      0.87      0.89      1024
         5.0       0.85      0.92      0.89      1045
         6.0       0.91      0.73      0.81      1038
         7.0       0.78      0.70      0.74      1057
         8.0       0.83      0.94      0.88      1055
         9.0       0.80      0.89      0.84      1056
        10.0       0.86      0.85      0.85      1031
        11.0       0.94      0.98      0.96       994
        12.0       0.94      0.94      0.94      1138

   micro avg       0.84      0.84      0.84     13624
   macro avg       0.85      0.84      0.84     13624
weighted avg       0.85      0.84      0.84     13624

naive bayes        0.844906048150323
=============================================
  precision    recall  f1-score   support

         0.0       0.85      0.87      0.86      1006
         1.0       0.95      0.95      0.95      1080
         2.0       0.90      0.89      0.89      1022
         3.0       0.91      0.94      0.93      1078
         4.0       0.94      0.92      0.93      1024
         5.0       0.93      0.97      0.95      1045
         6.0       0.96      0.94      0.95      1038
         7.0       0.92      0.79      0.85      1057
         8.0       0.92      0.97      0.94      1055
         9.0       0.92      0.96      0.94      1056
        10.0       0.95      0.90      0.92      1031
        11.0       0.96      0.99      0.98       994
        12.0       0.98      1.00      0.99      1138

   micro avg       0.93      0.93      0.93     13624
   macro avg       0.93      0.93      0.93     13624
weighted avg       0.93      0.93      0.93     13624

Random Forest  0.9310041103934233
=========================
precision    recall  f1-score   support

         0.0       0.88      0.90      0.89      1006
         1.0       0.95      0.97      0.96      1080
         2.0       0.87      0.88      0.88      1022
         3.0       0.92      0.96      0.94      1078
         4.0       0.96      0.94      0.95      1024
         5.0       0.96      0.96      0.96      1045
         6.0       0.94      0.96      0.95      1038
         7.0       0.93      0.81      0.86      1057
         8.0       0.95      0.96      0.95      1055
         9.0       0.93      0.95      0.94      1056
        10.0       0.96      0.93      0.95      1031
        11.0       0.98      0.99      0.99       994
        12.0       0.97      1.00      0.98      1138

   micro avg       0.94      0.94      0.94     13624
   macro avg       0.94      0.94      0.94     13624
weighted avg       0.94      0.94      0.94     13624

SVM                       0.9393716970052848

==================================
precision    recall  f1-score   support

         0.0       0.76      0.74      0.75      1006
         1.0       0.87      0.91      0.89      1080
         2.0       0.76      0.84      0.80      1022
         3.0       0.87      0.88      0.87      1078
         4.0       0.85      0.82      0.84      1024
         5.0       0.88      0.87      0.88      1045
         6.0       0.87      0.92      0.90      1038
         7.0       0.77      0.69      0.73      1057
         8.0       0.89      0.89      0.89      1055
         9.0       0.87      0.87      0.87      1056
        10.0       0.85      0.78      0.81      1031
        11.0       0.95      0.94      0.95       994
        12.0       0.97      1.00      0.98      1138

   micro avg       0.86      0.86      0.86     13624
   macro avg       0.86      0.86      0.86     13624
weighted avg       0.86      0.86      0.86     13624

Decision tree       0.8588520258367587


